(kicad_pcb (version 20171130) (host pcbnew 5.1.2-f72e74a~84~ubuntu19.04.1)

  (general
    (thickness 1.6)
    (drawings 47)
    (tracks 0)
    (zones 0)
    (modules 53)
    (nets 57)
  )

  (page A4)
  (title_block
    (title "Liger v0.2")
    (date 2016-09-21)
    (company PYFI)
  )

  (layers
    (0 F.Cu signal)
    (1 In1.Cu power)
    (2 In2.Cu power)
    (31 B.Cu signal)
    (32 B.Adhes user)
    (33 F.Adhes user)
    (34 B.Paste user)
    (35 F.Paste user)
    (36 B.SilkS user)
    (37 F.SilkS user)
    (38 B.Mask user)
    (39 F.Mask user)
    (40 Dwgs.User user)
    (41 Cmts.User user)
    (42 Eco1.User user)
    (43 Eco2.User user)
    (44 Edge.Cuts user)
    (45 Margin user)
    (46 B.CrtYd user)
    (47 F.CrtYd user)
    (48 B.Fab user)
    (49 F.Fab user)
  )

  (setup
    (last_trace_width 0.25)
    (user_trace_width 0.25)
    (user_trace_width 0.4)
    (user_trace_width 0.5)
    (user_trace_width 1)
    (user_trace_width 2)
    (trace_clearance 0.15)
    (zone_clearance 0.508)
    (zone_45_only yes)
    (trace_min 0.2)
    (via_size 0.6)
    (via_drill 0.4)
    (via_min_size 0.4)
    (via_min_drill 0.3)
    (user_via 0.6 0.4)
    (user_via 0.8 0.4)
    (user_via 1 0.6)
    (user_via 2 1.5)
    (uvia_size 0.3)
    (uvia_drill 0.1)
    (uvias_allowed no)
    (uvia_min_size 0.2)
    (uvia_min_drill 0.1)
    (edge_width 0.15)
    (segment_width 0.2)
    (pcb_text_width 0.3)
    (pcb_text_size 1.5 1.5)
    (mod_edge_width 0.15)
    (mod_text_size 0.55 0.55)
    (mod_text_width 0.08)
    (pad_size 2 1)
    (pad_drill 0)
    (pad_to_mask_clearance 0.2)
    (solder_mask_min_width 0.25)
    (aux_axis_origin 0 0)
    (visible_elements FFFFFF7F)
    (pcbplotparams
      (layerselection 0x010f0_ffffffff)
      (usegerberextensions false)
      (usegerberattributes false)
      (usegerberadvancedattributes false)
      (creategerberjobfile false)
      (excludeedgelayer true)
      (linewidth 0.100000)
      (plotframeref false)
      (viasonmask false)
      (mode 1)
      (useauxorigin false)
      (hpglpennumber 1)
      (hpglpenspeed 20)
      (hpglpendiameter 15.000000)
      (psnegative false)
      (psa4output false)
      (plotreference true)
      (plotvalue true)
      (plotinvisibletext false)
      (padsonsilk true)
      (subtractmaskfromsilk false)
      (outputformat 1)
      (mirror false)
      (drillshape 0)
      (scaleselection 1)
      (outputdirectory "gerbers"))
  )

  (net 0 "")
  (net 1 GND)
  (net 2 "Net-(D1-Pad1)")
  (net 3 "Net-(D1-Pad2)")
  (net 4 "Net-(D2-Pad1)")
  (net 5 "Net-(D3-Pad2)")
  (net 6 "Net-(D3-Pad1)")
  (net 7 "Net-(Q1-Pad1)")
  (net 8 "Net-(R1-Pad1)")
  (net 9 "Net-(R19-Pad2)")
  (net 10 "Net-(U1-Pad19)")
  (net 11 "Net-(U1-Pad20)")
  (net 12 "Net-(U1-Pad17)")
  (net 13 "Net-(U1-Pad18)")
  (net 14 "Net-(U1-Pad4)")
  (net 15 "Net-(U1-Pad5)")
  (net 16 "Net-(D4-Pad1)")
  (net 17 "Net-(D5-Pad1)")
  (net 18 "Net-(LS1-Pad1)")
  (net 19 "Net-(LS1-Pad2)")
  (net 20 "Net-(U1-Pad22)")
  (net 21 "Net-(U1-Pad21)")
  (net 22 "Net-(R3-Pad2)")
  (net 23 "Net-(R11-Pad2)")
  (net 24 "Net-(R17-Pad1)")
  (net 25 /V_BAT)
  (net 26 /3V3)
  (net 27 /V_IN)
  (net 28 /V_USB)
  (net 29 /BUTTON_LED)
  (net 30 /FACTORY_RST)
  (net 31 /TXD)
  (net 32 /RXD)
  (net 33 /SCL)
  (net 34 /SDA)
  (net 35 /I2S_WS)
  (net 36 /I2S_BCLK)
  (net 37 /I2S_DATA_OUT)
  (net 38 /PROG)
  (net 39 /ZERO_DETECT)
  (net 40 /IR_RX)
  (net 41 /IR_TX)
  (net 42 "Net-(R7-Pad2)")
  (net 43 /I2S_DATA_IN)
  (net 44 /EN)
  (net 45 /PIR)
  (net 46 "Net-(U1-Pad16)")
  (net 47 /T_UP)
  (net 48 /T_DOWN)
  (net 49 /T_RIGHT)
  (net 50 /T_LEFT)
  (net 51 "Net-(D7-Pad2)")
  (net 52 "Net-(C4-Pad1)")
  (net 53 /RELAY_2)
  (net 54 /RELAY_4)
  (net 55 /RELAY_3)
  (net 56 /RELAY_1)

  (net_class Default "This is the default net class."
    (clearance 0.15)
    (trace_width 0.25)
    (via_dia 0.6)
    (via_drill 0.4)
    (uvia_dia 0.3)
    (uvia_drill 0.1)
    (add_net /3V3)
    (add_net /BUTTON_LED)
    (add_net /EN)
    (add_net /FACTORY_RST)
    (add_net /I2S_BCLK)
    (add_net /I2S_DATA_IN)
    (add_net /I2S_DATA_OUT)
    (add_net /I2S_WS)
    (add_net /IR_RX)
    (add_net /IR_TX)
    (add_net /PIR)
    (add_net /PROG)
    (add_net /RELAY_1)
    (add_net /RELAY_2)
    (add_net /RELAY_3)
    (add_net /RELAY_4)
    (add_net /RXD)
    (add_net /SCL)
    (add_net /SDA)
    (add_net /TXD)
    (add_net /T_DOWN)
    (add_net /T_LEFT)
    (add_net /T_RIGHT)
    (add_net /T_UP)
    (add_net /V_BAT)
    (add_net /V_IN)
    (add_net /V_USB)
    (add_net /ZERO_DETECT)
    (add_net "Net-(C4-Pad1)")
    (add_net "Net-(D1-Pad1)")
    (add_net "Net-(D1-Pad2)")
    (add_net "Net-(D2-Pad1)")
    (add_net "Net-(D3-Pad1)")
    (add_net "Net-(D3-Pad2)")
    (add_net "Net-(D4-Pad1)")
    (add_net "Net-(D5-Pad1)")
    (add_net "Net-(D7-Pad2)")
    (add_net "Net-(LS1-Pad1)")
    (add_net "Net-(LS1-Pad2)")
    (add_net "Net-(Q1-Pad1)")
    (add_net "Net-(R1-Pad1)")
    (add_net "Net-(R11-Pad2)")
    (add_net "Net-(R17-Pad1)")
    (add_net "Net-(R19-Pad2)")
    (add_net "Net-(R3-Pad2)")
    (add_net "Net-(R7-Pad2)")
    (add_net "Net-(U1-Pad16)")
    (add_net "Net-(U1-Pad17)")
    (add_net "Net-(U1-Pad18)")
    (add_net "Net-(U1-Pad19)")
    (add_net "Net-(U1-Pad20)")
    (add_net "Net-(U1-Pad21)")
    (add_net "Net-(U1-Pad22)")
    (add_net "Net-(U1-Pad4)")
    (add_net "Net-(U1-Pad5)")
  )

  (net_class data ""
    (clearance 0.15)
    (trace_width 0.25)
    (via_dia 0.6)
    (via_drill 0.4)
    (uvia_dia 0.3)
    (uvia_drill 0.1)
  )

  (net_class lg-power ""
    (clearance 0.25)
    (trace_width 2)
    (via_dia 2.25)
    (via_drill 1.25)
    (uvia_dia 0.3)
    (uvia_drill 0.1)
  )

  (net_class med-power ""
    (clearance 0.2)
    (trace_width 1)
    (via_dia 1.2)
    (via_drill 0.75)
    (uvia_dia 0.3)
    (uvia_drill 0.1)
    (add_net GND)
  )

  (net_class sm-power ""
    (clearance 0.2)
    (trace_width 0.4)
    (via_dia 0.6)
    (via_drill 0.4)
    (uvia_dia 0.3)
    (uvia_drill 0.1)
  )

  (module Package_TO_SOT_SMD:SOT-23-5_HandSoldering (layer B.Cu) (tedit 5A0AB76C) (tstamp 5B764C8D)
    (at 152.6832 112.3442 90)
    (descr "5-pin SOT23 package")
    (tags "SOT-23-5 hand-soldering")
    (path /5909D8E3/5A164E45)
    (attr smd)
    (fp_text reference U9 (at 2.6162 -2.8232 180) (layer B.SilkS)
      (effects (font (size 1 1) (thickness 0.15)) (justify mirror))
    )
    (fp_text value AP2112 (at 0 -2.9 90) (layer B.Fab)
      (effects (font (size 1 1) (thickness 0.15)) (justify mirror))
    )
    (fp_text user %R (at 0 0) (layer B.Fab)
      (effects (font (size 0.5 0.5) (thickness 0.075)) (justify mirror))
    )
    (fp_line (start -0.9 -1.61) (end 0.9 -1.61) (layer B.SilkS) (width 0.12))
    (fp_line (start 0.9 1.61) (end -1.55 1.61) (layer B.SilkS) (width 0.12))
    (fp_line (start -0.9 0.9) (end -0.25 1.55) (layer B.Fab) (width 0.1))
    (fp_line (start 0.9 1.55) (end -0.25 1.55) (layer B.Fab) (width 0.1))
    (fp_line (start -0.9 0.9) (end -0.9 -1.55) (layer B.Fab) (width 0.1))
    (fp_line (start 0.9 -1.55) (end -0.9 -1.55) (layer B.Fab) (width 0.1))
    (fp_line (start 0.9 1.55) (end 0.9 -1.55) (layer B.Fab) (width 0.1))
    (fp_line (start -2.38 1.8) (end 2.38 1.8) (layer B.CrtYd) (width 0.05))
    (fp_line (start -2.38 1.8) (end -2.38 -1.8) (layer B.CrtYd) (width 0.05))
    (fp_line (start 2.38 -1.8) (end 2.38 1.8) (layer B.CrtYd) (width 0.05))
    (fp_line (start 2.38 -1.8) (end -2.38 -1.8) (layer B.CrtYd) (width 0.05))
    (pad 1 smd rect (at -1.35 0.95 90) (size 1.56 0.65) (layers B.Cu B.Paste B.Mask)
      (net 27 /V_IN))
    (pad 2 smd rect (at -1.35 0 90) (size 1.56 0.65) (layers B.Cu B.Paste B.Mask)
      (net 1 GND))
    (pad 3 smd rect (at -1.35 -0.95 90) (size 1.56 0.65) (layers B.Cu B.Paste B.Mask)
      (net 27 /V_IN))
    (pad 4 smd rect (at 1.35 -0.95 90) (size 1.56 0.65) (layers B.Cu B.Paste B.Mask))
    (pad 5 smd rect (at 1.35 0.95 90) (size 1.56 0.65) (layers B.Cu B.Paste B.Mask)
      (net 26 /3V3))
    (model ${KISYS3DMOD}/Package_TO_SOT_SMD.3dshapes/SOT-23-5.wrl
      (at (xyz 0 0 0))
      (scale (xyz 1 1 1))
      (rotate (xyz 0 0 0))
    )
  )

  (module LED_SMD:LED_WS2812B_PLCC4_5.0x5.0mm_P3.2mm (layer F.Cu) (tedit 5AA4B285) (tstamp 5B801A68)
    (at 147.066 88.646 180)
    (descr https://cdn-shop.adafruit.com/datasheets/WS2812B.pdf)
    (tags "LED RGB NeoPixel")
    (path /59092AD4/5B7E61EB)
    (attr smd)
    (fp_text reference D7 (at 0 -3.5 180) (layer F.SilkS)
      (effects (font (size 1 1) (thickness 0.15)))
    )
    (fp_text value WS2812B (at 0 4 180) (layer F.Fab)
      (effects (font (size 1 1) (thickness 0.15)))
    )
    (fp_text user 1 (at -4.15 -1.6 180) (layer F.SilkS)
      (effects (font (size 1 1) (thickness 0.15)))
    )
    (fp_text user %R (at 0 0 180) (layer F.Fab)
      (effects (font (size 0.8 0.8) (thickness 0.15)))
    )
    (fp_line (start 3.45 -2.75) (end -3.45 -2.75) (layer F.CrtYd) (width 0.05))
    (fp_line (start 3.45 2.75) (end 3.45 -2.75) (layer F.CrtYd) (width 0.05))
    (fp_line (start -3.45 2.75) (end 3.45 2.75) (layer F.CrtYd) (width 0.05))
    (fp_line (start -3.45 -2.75) (end -3.45 2.75) (layer F.CrtYd) (width 0.05))
    (fp_line (start 2.5 1.5) (end 1.5 2.5) (layer F.Fab) (width 0.1))
    (fp_line (start -2.5 -2.5) (end -2.5 2.5) (layer F.Fab) (width 0.1))
    (fp_line (start -2.5 2.5) (end 2.5 2.5) (layer F.Fab) (width 0.1))
    (fp_line (start 2.5 2.5) (end 2.5 -2.5) (layer F.Fab) (width 0.1))
    (fp_line (start 2.5 -2.5) (end -2.5 -2.5) (layer F.Fab) (width 0.1))
    (fp_line (start -3.65 -2.75) (end 3.65 -2.75) (layer F.SilkS) (width 0.12))
    (fp_line (start -3.65 2.75) (end 3.65 2.75) (layer F.SilkS) (width 0.12))
    (fp_line (start 3.65 2.75) (end 3.65 1.6) (layer F.SilkS) (width 0.12))
    (fp_circle (center 0 0) (end 0 -2) (layer F.Fab) (width 0.1))
    (pad 3 smd rect (at 2.45 1.6 180) (size 1.5 1) (layers F.Cu F.Paste F.Mask)
      (net 1 GND))
    (pad 4 smd rect (at 2.45 -1.6 180) (size 1.5 1) (layers F.Cu F.Paste F.Mask)
      (net 29 /BUTTON_LED))
    (pad 2 smd rect (at -2.45 1.6 180) (size 1.5 1) (layers F.Cu F.Paste F.Mask)
      (net 51 "Net-(D7-Pad2)"))
    (pad 1 smd rect (at -2.45 -1.6 180) (size 1.5 1) (layers F.Cu F.Paste F.Mask)
      (net 27 /V_IN))
    (model ${KISYS3DMOD}/LED_SMD.3dshapes/LED_WS2812B_PLCC4_5.0x5.0mm_P3.2mm.wrl
      (at (xyz 0 0 0))
      (scale (xyz 1 1 1))
      (rotate (xyz 0 0 0))
    )
  )

  (module Resistor_SMD:R_0603_1608Metric_Pad1.05x0.95mm_HandSolder (layer B.Cu) (tedit 5B301BBD) (tstamp 5B764B42)
    (at 137.922 108.825 270)
    (descr "Resistor SMD 0603 (1608 Metric), square (rectangular) end terminal, IPC_7351 nominal with elongated pad for handsoldering. (Body size source: http://www.tortai-tech.com/upload/download/2011102023233369053.pdf), generated with kicad-footprint-generator")
    (tags "resistor handsolder")
    (path /59092AD4/5B317B7D)
    (attr smd)
    (fp_text reference R15 (at -0.1638 2.1336) (layer B.SilkS)
      (effects (font (size 1 1) (thickness 0.15)) (justify mirror))
    )
    (fp_text value R_1k (at 0 -1.43 270) (layer B.Fab)
      (effects (font (size 1 1) (thickness 0.15)) (justify mirror))
    )
    (fp_line (start -0.8 -0.4) (end -0.8 0.4) (layer B.Fab) (width 0.1))
    (fp_line (start -0.8 0.4) (end 0.8 0.4) (layer B.Fab) (width 0.1))
    (fp_line (start 0.8 0.4) (end 0.8 -0.4) (layer B.Fab) (width 0.1))
    (fp_line (start 0.8 -0.4) (end -0.8 -0.4) (layer B.Fab) (width 0.1))
    (fp_line (start -0.171267 0.51) (end 0.171267 0.51) (layer B.SilkS) (width 0.12))
    (fp_line (start -0.171267 -0.51) (end 0.171267 -0.51) (layer B.SilkS) (width 0.12))
    (fp_line (start -1.65 -0.73) (end -1.65 0.73) (layer B.CrtYd) (width 0.05))
    (fp_line (start -1.65 0.73) (end 1.65 0.73) (layer B.CrtYd) (width 0.05))
    (fp_line (start 1.65 0.73) (end 1.65 -0.73) (layer B.CrtYd) (width 0.05))
    (fp_line (start 1.65 -0.73) (end -1.65 -0.73) (layer B.CrtYd) (width 0.05))
    (fp_text user %R (at 0 0 270) (layer B.Fab)
      (effects (font (size 0.4 0.4) (thickness 0.06)) (justify mirror))
    )
    (pad 1 smd roundrect (at -0.875 0 270) (size 1.05 0.95) (layers B.Cu B.Paste B.Mask) (roundrect_rratio 0.25)
      (net 16 "Net-(D4-Pad1)"))
    (pad 2 smd roundrect (at 0.875 0 270) (size 1.05 0.95) (layers B.Cu B.Paste B.Mask) (roundrect_rratio 0.25)
      (net 38 /PROG))
    (model ${KISYS3DMOD}/Resistor_SMD.3dshapes/R_0603_1608Metric.wrl
      (at (xyz 0 0 0))
      (scale (xyz 1 1 1))
      (rotate (xyz 0 0 0))
    )
  )

  (module Resistor_SMD:R_0603_1608Metric_Pad1.05x0.95mm_HandSolder (layer B.Cu) (tedit 5B301BBD) (tstamp 5B82493D)
    (at 159.258 69.088 180)
    (descr "Resistor SMD 0603 (1608 Metric), square (rectangular) end terminal, IPC_7351 nominal with elongated pad for handsoldering. (Body size source: http://www.tortai-tech.com/upload/download/2011102023233369053.pdf), generated with kicad-footprint-generator")
    (tags "resistor handsolder")
    (path /590982C4/59098AF5)
    (attr smd)
    (fp_text reference R5 (at -2.794 0 180) (layer B.SilkS)
      (effects (font (size 1 1) (thickness 0.15)) (justify mirror))
    )
    (fp_text value 36 (at 0 -1.43 180) (layer B.Fab)
      (effects (font (size 1 1) (thickness 0.15)) (justify mirror))
    )
    (fp_text user %R (at 0 0 180) (layer B.Fab)
      (effects (font (size 0.4 0.4) (thickness 0.06)) (justify mirror))
    )
    (fp_line (start 1.65 -0.73) (end -1.65 -0.73) (layer B.CrtYd) (width 0.05))
    (fp_line (start 1.65 0.73) (end 1.65 -0.73) (layer B.CrtYd) (width 0.05))
    (fp_line (start -1.65 0.73) (end 1.65 0.73) (layer B.CrtYd) (width 0.05))
    (fp_line (start -1.65 -0.73) (end -1.65 0.73) (layer B.CrtYd) (width 0.05))
    (fp_line (start -0.171267 -0.51) (end 0.171267 -0.51) (layer B.SilkS) (width 0.12))
    (fp_line (start -0.171267 0.51) (end 0.171267 0.51) (layer B.SilkS) (width 0.12))
    (fp_line (start 0.8 -0.4) (end -0.8 -0.4) (layer B.Fab) (width 0.1))
    (fp_line (start 0.8 0.4) (end 0.8 -0.4) (layer B.Fab) (width 0.1))
    (fp_line (start -0.8 0.4) (end 0.8 0.4) (layer B.Fab) (width 0.1))
    (fp_line (start -0.8 -0.4) (end -0.8 0.4) (layer B.Fab) (width 0.1))
    (pad 2 smd roundrect (at 0.875 0 180) (size 1.05 0.95) (layers B.Cu B.Paste B.Mask) (roundrect_rratio 0.25)
      (net 3 "Net-(D1-Pad2)"))
    (pad 1 smd roundrect (at -0.875 0 180) (size 1.05 0.95) (layers B.Cu B.Paste B.Mask) (roundrect_rratio 0.25)
      (net 26 /3V3))
    (model ${KISYS3DMOD}/Resistor_SMD.3dshapes/R_0603_1608Metric.wrl
      (at (xyz 0 0 0))
      (scale (xyz 1 1 1))
      (rotate (xyz 0 0 0))
    )
  )

  (module Resistor_SMD:R_0603_1608Metric_Pad1.05x0.95mm_HandSolder (layer B.Cu) (tedit 5B301BBD) (tstamp 5B764B0F)
    (at 161.8856 112.5982 270)
    (descr "Resistor SMD 0603 (1608 Metric), square (rectangular) end terminal, IPC_7351 nominal with elongated pad for handsoldering. (Body size source: http://www.tortai-tech.com/upload/download/2011102023233369053.pdf), generated with kicad-footprint-generator")
    (tags "resistor handsolder")
    (path /5909D8E3/59B41A3B)
    (attr smd)
    (fp_text reference R10 (at -2.6162 0.0876 180) (layer B.SilkS)
      (effects (font (size 1 1) (thickness 0.15)) (justify mirror))
    )
    (fp_text value R_1k (at 0 -1.43 270) (layer B.Fab)
      (effects (font (size 1 1) (thickness 0.15)) (justify mirror))
    )
    (fp_text user %R (at 0 0 270) (layer B.Fab)
      (effects (font (size 0.4 0.4) (thickness 0.06)) (justify mirror))
    )
    (fp_line (start 1.65 -0.73) (end -1.65 -0.73) (layer B.CrtYd) (width 0.05))
    (fp_line (start 1.65 0.73) (end 1.65 -0.73) (layer B.CrtYd) (width 0.05))
    (fp_line (start -1.65 0.73) (end 1.65 0.73) (layer B.CrtYd) (width 0.05))
    (fp_line (start -1.65 -0.73) (end -1.65 0.73) (layer B.CrtYd) (width 0.05))
    (fp_line (start -0.171267 -0.51) (end 0.171267 -0.51) (layer B.SilkS) (width 0.12))
    (fp_line (start -0.171267 0.51) (end 0.171267 0.51) (layer B.SilkS) (width 0.12))
    (fp_line (start 0.8 -0.4) (end -0.8 -0.4) (layer B.Fab) (width 0.1))
    (fp_line (start 0.8 0.4) (end 0.8 -0.4) (layer B.Fab) (width 0.1))
    (fp_line (start -0.8 0.4) (end 0.8 0.4) (layer B.Fab) (width 0.1))
    (fp_line (start -0.8 -0.4) (end -0.8 0.4) (layer B.Fab) (width 0.1))
    (pad 2 smd roundrect (at 0.875 0 270) (size 1.05 0.95) (layers B.Cu B.Paste B.Mask) (roundrect_rratio 0.25)
      (net 5 "Net-(D3-Pad2)"))
    (pad 1 smd roundrect (at -0.875 0 270) (size 1.05 0.95) (layers B.Cu B.Paste B.Mask) (roundrect_rratio 0.25)
      (net 28 /V_USB))
    (model ${KISYS3DMOD}/Resistor_SMD.3dshapes/R_0603_1608Metric.wrl
      (at (xyz 0 0 0))
      (scale (xyz 1 1 1))
      (rotate (xyz 0 0 0))
    )
  )

  (module Package_TO_SOT_SMD:SOT-23-5_HandSoldering (layer B.Cu) (tedit 5A0AB76C) (tstamp 5B764C41)
    (at 158.7246 111.9086 90)
    (descr "5-pin SOT23 package")
    (tags "SOT-23-5 hand-soldering")
    (path /5909D8E3/59B41D1D)
    (attr smd)
    (fp_text reference U4 (at -3.001 0.2286 180) (layer B.SilkS)
      (effects (font (size 1 1) (thickness 0.15)) (justify mirror))
    )
    (fp_text value MCP73831T (at 0 -2.9 90) (layer B.Fab)
      (effects (font (size 1 1) (thickness 0.15)) (justify mirror))
    )
    (fp_line (start 2.38 -1.8) (end -2.38 -1.8) (layer B.CrtYd) (width 0.05))
    (fp_line (start 2.38 -1.8) (end 2.38 1.8) (layer B.CrtYd) (width 0.05))
    (fp_line (start -2.38 1.8) (end -2.38 -1.8) (layer B.CrtYd) (width 0.05))
    (fp_line (start -2.38 1.8) (end 2.38 1.8) (layer B.CrtYd) (width 0.05))
    (fp_line (start 0.9 1.55) (end 0.9 -1.55) (layer B.Fab) (width 0.1))
    (fp_line (start 0.9 -1.55) (end -0.9 -1.55) (layer B.Fab) (width 0.1))
    (fp_line (start -0.9 0.9) (end -0.9 -1.55) (layer B.Fab) (width 0.1))
    (fp_line (start 0.9 1.55) (end -0.25 1.55) (layer B.Fab) (width 0.1))
    (fp_line (start -0.9 0.9) (end -0.25 1.55) (layer B.Fab) (width 0.1))
    (fp_line (start 0.9 1.61) (end -1.55 1.61) (layer B.SilkS) (width 0.12))
    (fp_line (start -0.9 -1.61) (end 0.9 -1.61) (layer B.SilkS) (width 0.12))
    (fp_text user %R (at 0 0) (layer B.Fab)
      (effects (font (size 0.5 0.5) (thickness 0.075)) (justify mirror))
    )
    (pad 5 smd rect (at 1.35 0.95 90) (size 1.56 0.65) (layers B.Cu B.Paste B.Mask)
      (net 9 "Net-(R19-Pad2)"))
    (pad 4 smd rect (at 1.35 -0.95 90) (size 1.56 0.65) (layers B.Cu B.Paste B.Mask)
      (net 28 /V_USB))
    (pad 3 smd rect (at -1.35 -0.95 90) (size 1.56 0.65) (layers B.Cu B.Paste B.Mask)
      (net 25 /V_BAT))
    (pad 2 smd rect (at -1.35 0 90) (size 1.56 0.65) (layers B.Cu B.Paste B.Mask)
      (net 1 GND))
    (pad 1 smd rect (at -1.35 0.95 90) (size 1.56 0.65) (layers B.Cu B.Paste B.Mask)
      (net 6 "Net-(D3-Pad1)"))
    (model ${KISYS3DMOD}/Package_TO_SOT_SMD.3dshapes/SOT-23-5.wrl
      (at (xyz 0 0 0))
      (scale (xyz 1 1 1))
      (rotate (xyz 0 0 0))
    )
  )

  (module Resistor_SMD:R_0603_1608Metric_Pad1.05x0.95mm_HandSolder (layer B.Cu) (tedit 5B301BBD) (tstamp 5B764B86)
    (at 159.512 107.442 270)
    (descr "Resistor SMD 0603 (1608 Metric), square (rectangular) end terminal, IPC_7351 nominal with elongated pad for handsoldering. (Body size source: http://www.tortai-tech.com/upload/download/2011102023233369053.pdf), generated with kicad-footprint-generator")
    (tags "resistor handsolder")
    (path /5909D8E3/59B5A181)
    (attr smd)
    (fp_text reference R19 (at 0 -2.286 180) (layer B.SilkS)
      (effects (font (size 1 1) (thickness 0.15)) (justify mirror))
    )
    (fp_text value R_2k (at 0 -1.43 270) (layer B.Fab)
      (effects (font (size 1 1) (thickness 0.15)) (justify mirror))
    )
    (fp_text user %R (at 0 0 270) (layer B.Fab)
      (effects (font (size 0.4 0.4) (thickness 0.06)) (justify mirror))
    )
    (fp_line (start 1.65 -0.73) (end -1.65 -0.73) (layer B.CrtYd) (width 0.05))
    (fp_line (start 1.65 0.73) (end 1.65 -0.73) (layer B.CrtYd) (width 0.05))
    (fp_line (start -1.65 0.73) (end 1.65 0.73) (layer B.CrtYd) (width 0.05))
    (fp_line (start -1.65 -0.73) (end -1.65 0.73) (layer B.CrtYd) (width 0.05))
    (fp_line (start -0.171267 -0.51) (end 0.171267 -0.51) (layer B.SilkS) (width 0.12))
    (fp_line (start -0.171267 0.51) (end 0.171267 0.51) (layer B.SilkS) (width 0.12))
    (fp_line (start 0.8 -0.4) (end -0.8 -0.4) (layer B.Fab) (width 0.1))
    (fp_line (start 0.8 0.4) (end 0.8 -0.4) (layer B.Fab) (width 0.1))
    (fp_line (start -0.8 0.4) (end 0.8 0.4) (layer B.Fab) (width 0.1))
    (fp_line (start -0.8 -0.4) (end -0.8 0.4) (layer B.Fab) (width 0.1))
    (pad 2 smd roundrect (at 0.875 0 270) (size 1.05 0.95) (layers B.Cu B.Paste B.Mask) (roundrect_rratio 0.25)
      (net 9 "Net-(R19-Pad2)"))
    (pad 1 smd roundrect (at -0.875 0 270) (size 1.05 0.95) (layers B.Cu B.Paste B.Mask) (roundrect_rratio 0.25)
      (net 1 GND))
    (model ${KISYS3DMOD}/Resistor_SMD.3dshapes/R_0603_1608Metric.wrl
      (at (xyz 0 0 0))
      (scale (xyz 1 1 1))
      (rotate (xyz 0 0 0))
    )
  )

  (module Resistor_SMD:R_0603_1608Metric_Pad1.05x0.95mm_HandSolder (layer B.Cu) (tedit 5B301BBD) (tstamp 5B764BA8)
    (at 153.543 117.2464 90)
    (descr "Resistor SMD 0603 (1608 Metric), square (rectangular) end terminal, IPC_7351 nominal with elongated pad for handsoldering. (Body size source: http://www.tortai-tech.com/upload/download/2011102023233369053.pdf), generated with kicad-footprint-generator")
    (tags "resistor handsolder")
    (path /5909D8E3/59B5A0F4)
    (attr smd)
    (fp_text reference R22 (at 2.1336 -0.635) (layer B.SilkS)
      (effects (font (size 1 1) (thickness 0.15)) (justify mirror))
    )
    (fp_text value R_10k (at 0 -1.43 90) (layer B.Fab)
      (effects (font (size 1 1) (thickness 0.15)) (justify mirror))
    )
    (fp_line (start -0.8 -0.4) (end -0.8 0.4) (layer B.Fab) (width 0.1))
    (fp_line (start -0.8 0.4) (end 0.8 0.4) (layer B.Fab) (width 0.1))
    (fp_line (start 0.8 0.4) (end 0.8 -0.4) (layer B.Fab) (width 0.1))
    (fp_line (start 0.8 -0.4) (end -0.8 -0.4) (layer B.Fab) (width 0.1))
    (fp_line (start -0.171267 0.51) (end 0.171267 0.51) (layer B.SilkS) (width 0.12))
    (fp_line (start -0.171267 -0.51) (end 0.171267 -0.51) (layer B.SilkS) (width 0.12))
    (fp_line (start -1.65 -0.73) (end -1.65 0.73) (layer B.CrtYd) (width 0.05))
    (fp_line (start -1.65 0.73) (end 1.65 0.73) (layer B.CrtYd) (width 0.05))
    (fp_line (start 1.65 0.73) (end 1.65 -0.73) (layer B.CrtYd) (width 0.05))
    (fp_line (start 1.65 -0.73) (end -1.65 -0.73) (layer B.CrtYd) (width 0.05))
    (fp_text user %R (at 0 0 90) (layer B.Fab)
      (effects (font (size 0.4 0.4) (thickness 0.06)) (justify mirror))
    )
    (pad 1 smd roundrect (at -0.875 0 90) (size 1.05 0.95) (layers B.Cu B.Paste B.Mask) (roundrect_rratio 0.25)
      (net 28 /V_USB))
    (pad 2 smd roundrect (at 0.875 0 90) (size 1.05 0.95) (layers B.Cu B.Paste B.Mask) (roundrect_rratio 0.25)
      (net 1 GND))
    (model ${KISYS3DMOD}/Resistor_SMD.3dshapes/R_0603_1608Metric.wrl
      (at (xyz 0 0 0))
      (scale (xyz 1 1 1))
      (rotate (xyz 0 0 0))
    )
  )

  (module Resistor_SMD:R_0603_1608Metric_Pad1.05x0.95mm_HandSolder (layer B.Cu) (tedit 5B301BBD) (tstamp 5B764B53)
    (at 137.922 116.473 90)
    (descr "Resistor SMD 0603 (1608 Metric), square (rectangular) end terminal, IPC_7351 nominal with elongated pad for handsoldering. (Body size source: http://www.tortai-tech.com/upload/download/2011102023233369053.pdf), generated with kicad-footprint-generator")
    (tags "resistor handsolder")
    (path /59092AD4/5B317C71)
    (attr smd)
    (fp_text reference R16 (at -0.2654 -2.0828) (layer B.SilkS)
      (effects (font (size 1 1) (thickness 0.15)) (justify mirror))
    )
    (fp_text value R_1k (at 0 -1.43 90) (layer B.Fab)
      (effects (font (size 1 1) (thickness 0.15)) (justify mirror))
    )
    (fp_line (start -0.8 -0.4) (end -0.8 0.4) (layer B.Fab) (width 0.1))
    (fp_line (start -0.8 0.4) (end 0.8 0.4) (layer B.Fab) (width 0.1))
    (fp_line (start 0.8 0.4) (end 0.8 -0.4) (layer B.Fab) (width 0.1))
    (fp_line (start 0.8 -0.4) (end -0.8 -0.4) (layer B.Fab) (width 0.1))
    (fp_line (start -0.171267 0.51) (end 0.171267 0.51) (layer B.SilkS) (width 0.12))
    (fp_line (start -0.171267 -0.51) (end 0.171267 -0.51) (layer B.SilkS) (width 0.12))
    (fp_line (start -1.65 -0.73) (end -1.65 0.73) (layer B.CrtYd) (width 0.05))
    (fp_line (start -1.65 0.73) (end 1.65 0.73) (layer B.CrtYd) (width 0.05))
    (fp_line (start 1.65 0.73) (end 1.65 -0.73) (layer B.CrtYd) (width 0.05))
    (fp_line (start 1.65 -0.73) (end -1.65 -0.73) (layer B.CrtYd) (width 0.05))
    (fp_text user %R (at 0 0 90) (layer B.Fab)
      (effects (font (size 0.4 0.4) (thickness 0.06)) (justify mirror))
    )
    (pad 1 smd roundrect (at -0.875 0 90) (size 1.05 0.95) (layers B.Cu B.Paste B.Mask) (roundrect_rratio 0.25)
      (net 17 "Net-(D5-Pad1)"))
    (pad 2 smd roundrect (at 0.875 0 90) (size 1.05 0.95) (layers B.Cu B.Paste B.Mask) (roundrect_rratio 0.25)
      (net 44 /EN))
    (model ${KISYS3DMOD}/Resistor_SMD.3dshapes/R_0603_1608Metric.wrl
      (at (xyz 0 0 0))
      (scale (xyz 1 1 1))
      (rotate (xyz 0 0 0))
    )
  )

  (module LED_SMD:LED_0603_1608Metric_Pad1.05x0.95mm_HandSolder (layer B.Cu) (tedit 5B4B45C9) (tstamp 5BBE4FCA)
    (at 160.9 117)
    (descr "LED SMD 0603 (1608 Metric), square (rectangular) end terminal, IPC_7351 nominal, (Body size source: http://www.tortai-tech.com/upload/download/2011102023233369053.pdf), generated with kicad-footprint-generator")
    (tags "LED handsolder")
    (path /5909D8E3/5BBE79A0)
    (attr smd)
    (fp_text reference D3 (at 0 1.43) (layer B.SilkS)
      (effects (font (size 1 1) (thickness 0.15)) (justify mirror))
    )
    (fp_text value LED-0603-G (at 0 -1.43) (layer B.Fab)
      (effects (font (size 1 1) (thickness 0.15)) (justify mirror))
    )
    (fp_text user %R (at 0 0) (layer B.Fab)
      (effects (font (size 0.4 0.4) (thickness 0.06)) (justify mirror))
    )
    (fp_line (start 1.65 -0.73) (end -1.65 -0.73) (layer B.CrtYd) (width 0.05))
    (fp_line (start 1.65 0.73) (end 1.65 -0.73) (layer B.CrtYd) (width 0.05))
    (fp_line (start -1.65 0.73) (end 1.65 0.73) (layer B.CrtYd) (width 0.05))
    (fp_line (start -1.65 -0.73) (end -1.65 0.73) (layer B.CrtYd) (width 0.05))
    (fp_line (start -1.66 -0.735) (end 0.8 -0.735) (layer B.SilkS) (width 0.12))
    (fp_line (start -1.66 0.735) (end -1.66 -0.735) (layer B.SilkS) (width 0.12))
    (fp_line (start 0.8 0.735) (end -1.66 0.735) (layer B.SilkS) (width 0.12))
    (fp_line (start 0.8 -0.4) (end 0.8 0.4) (layer B.Fab) (width 0.1))
    (fp_line (start -0.8 -0.4) (end 0.8 -0.4) (layer B.Fab) (width 0.1))
    (fp_line (start -0.8 0.1) (end -0.8 -0.4) (layer B.Fab) (width 0.1))
    (fp_line (start -0.5 0.4) (end -0.8 0.1) (layer B.Fab) (width 0.1))
    (fp_line (start 0.8 0.4) (end -0.5 0.4) (layer B.Fab) (width 0.1))
    (pad 2 smd roundrect (at 0.875 0) (size 1.05 0.95) (layers B.Cu B.Paste B.Mask) (roundrect_rratio 0.25)
      (net 5 "Net-(D3-Pad2)"))
    (pad 1 smd roundrect (at -0.875 0) (size 1.05 0.95) (layers B.Cu B.Paste B.Mask) (roundrect_rratio 0.25)
      (net 6 "Net-(D3-Pad1)"))
    (model ${KISYS3DMOD}/LED_SMD.3dshapes/LED_0603_1608Metric.wrl
      (at (xyz 0 0 0))
      (scale (xyz 1 1 1))
      (rotate (xyz 0 0 0))
    )
  )

  (module Button_Switch_SMD:SW_SPST_KMR2 (layer F.Cu) (tedit 5A02FC95) (tstamp 5B764BE0)
    (at 134.874 116.4336 90)
    (descr "CK components KMR2 tactile switch http://www.ckswitches.com/media/1479/kmr2.pdf")
    (tags "tactile switch kmr2")
    (path /59092AD4/59092D1B)
    (attr smd)
    (fp_text reference REBOOT1 (at 0 -2.45 90) (layer F.SilkS)
      (effects (font (size 1 1) (thickness 0.15)))
    )
    (fp_text value SW_PUSH (at 0 2.55 90) (layer F.Fab)
      (effects (font (size 1 1) (thickness 0.15)))
    )
    (fp_line (start -2.2 0.05) (end -2.2 -0.05) (layer F.SilkS) (width 0.12))
    (fp_line (start 2.2 -1.55) (end -2.2 -1.55) (layer F.SilkS) (width 0.12))
    (fp_line (start -2.2 1.55) (end 2.2 1.55) (layer F.SilkS) (width 0.12))
    (fp_circle (center 0 0) (end 0 0.8) (layer F.Fab) (width 0.1))
    (fp_line (start -2.8 1.8) (end -2.8 -1.8) (layer F.CrtYd) (width 0.05))
    (fp_line (start 2.8 1.8) (end -2.8 1.8) (layer F.CrtYd) (width 0.05))
    (fp_line (start 2.8 -1.8) (end 2.8 1.8) (layer F.CrtYd) (width 0.05))
    (fp_line (start -2.8 -1.8) (end 2.8 -1.8) (layer F.CrtYd) (width 0.05))
    (fp_line (start 2.2 0.05) (end 2.2 -0.05) (layer F.SilkS) (width 0.12))
    (fp_line (start -2.1 1.4) (end -2.1 -1.4) (layer F.Fab) (width 0.1))
    (fp_line (start 2.1 1.4) (end -2.1 1.4) (layer F.Fab) (width 0.1))
    (fp_line (start 2.1 -1.4) (end 2.1 1.4) (layer F.Fab) (width 0.1))
    (fp_line (start -2.1 -1.4) (end 2.1 -1.4) (layer F.Fab) (width 0.1))
    (fp_text user %R (at 0 -2.45 90) (layer F.Fab)
      (effects (font (size 1 1) (thickness 0.15)))
    )
    (pad 2 smd rect (at 2.05 0.8 180) (size 0.9 1) (layers F.Cu F.Paste F.Mask)
      (net 1 GND))
    (pad 1 smd rect (at 2.05 -0.8 180) (size 0.9 1) (layers F.Cu F.Paste F.Mask)
      (net 44 /EN))
    (pad 2 smd rect (at -2.05 0.8 180) (size 0.9 1) (layers F.Cu F.Paste F.Mask)
      (net 1 GND))
    (pad 1 smd rect (at -2.05 -0.8 180) (size 0.9 1) (layers F.Cu F.Paste F.Mask)
      (net 44 /EN))
    (model ${KISYS3DMOD}/Button_Switch_SMD.3dshapes/SW_SPST_KMR2.wrl
      (at (xyz 0 0 0))
      (scale (xyz 1 1 1))
      (rotate (xyz 0 0 0))
    )
  )

  (module Capacitor_SMD:C_0603_1608Metric_Pad1.05x0.95mm_HandSolder (layer B.Cu) (tedit 5B301BBE) (tstamp 5B7648BA)
    (at 160.0708 80.6196 90)
    (descr "Capacitor SMD 0603 (1608 Metric), square (rectangular) end terminal, IPC_7351 nominal with elongated pad for handsoldering. (Body size source: http://www.tortai-tech.com/upload/download/2011102023233369053.pdf), generated with kicad-footprint-generator")
    (tags "capacitor handsolder")
    (path /59096487/5B1F1B60)
    (attr smd)
    (fp_text reference C2 (at -2.3368 0.0508 180) (layer B.SilkS)
      (effects (font (size 1 1) (thickness 0.15)) (justify mirror))
    )
    (fp_text value C_1uF (at 0 -1.43 90) (layer B.Fab)
      (effects (font (size 1 1) (thickness 0.15)) (justify mirror))
    )
    (fp_text user %R (at 0 0 90) (layer B.Fab)
      (effects (font (size 0.4 0.4) (thickness 0.06)) (justify mirror))
    )
    (fp_line (start 1.65 -0.73) (end -1.65 -0.73) (layer B.CrtYd) (width 0.05))
    (fp_line (start 1.65 0.73) (end 1.65 -0.73) (layer B.CrtYd) (width 0.05))
    (fp_line (start -1.65 0.73) (end 1.65 0.73) (layer B.CrtYd) (width 0.05))
    (fp_line (start -1.65 -0.73) (end -1.65 0.73) (layer B.CrtYd) (width 0.05))
    (fp_line (start -0.171267 -0.51) (end 0.171267 -0.51) (layer B.SilkS) (width 0.12))
    (fp_line (start -0.171267 0.51) (end 0.171267 0.51) (layer B.SilkS) (width 0.12))
    (fp_line (start 0.8 -0.4) (end -0.8 -0.4) (layer B.Fab) (width 0.1))
    (fp_line (start 0.8 0.4) (end 0.8 -0.4) (layer B.Fab) (width 0.1))
    (fp_line (start -0.8 0.4) (end 0.8 0.4) (layer B.Fab) (width 0.1))
    (fp_line (start -0.8 -0.4) (end -0.8 0.4) (layer B.Fab) (width 0.1))
    (pad 2 smd roundrect (at 0.875 0 90) (size 1.05 0.95) (layers B.Cu B.Paste B.Mask) (roundrect_rratio 0.25)
      (net 1 GND))
    (pad 1 smd roundrect (at -0.875 0 90) (size 1.05 0.95) (layers B.Cu B.Paste B.Mask) (roundrect_rratio 0.25)
      (net 26 /3V3))
    (model ${KISYS3DMOD}/Capacitor_SMD.3dshapes/C_0603_1608Metric.wrl
      (at (xyz 0 0 0))
      (scale (xyz 1 1 1))
      (rotate (xyz 0 0 0))
    )
  )

  (module Connector_PinHeader_2.54mm:PinHeader_2x08_P2.54mm_Vertical (layer B.Cu) (tedit 59FED5CC) (tstamp 5B764A2F)
    (at 156.6672 124.587 90)
    (descr "Through hole straight pin header, 2x08, 2.54mm pitch, double rows")
    (tags "Through hole pin header THT 2x08 2.54mm double row")
    (path /59092AD4/5A16D01F)
    (fp_text reference J1 (at -0.889 2.5908 180) (layer B.SilkS)
      (effects (font (size 1 1) (thickness 0.15)) (justify mirror))
    )
    (fp_text value Conn_02x08_Odd_Even (at 1.27 -20.11 90) (layer B.Fab)
      (effects (font (size 1 1) (thickness 0.15)) (justify mirror))
    )
    (fp_line (start 0 1.27) (end 3.81 1.27) (layer B.Fab) (width 0.1))
    (fp_line (start 3.81 1.27) (end 3.81 -19.05) (layer B.Fab) (width 0.1))
    (fp_line (start 3.81 -19.05) (end -1.27 -19.05) (layer B.Fab) (width 0.1))
    (fp_line (start -1.27 -19.05) (end -1.27 0) (layer B.Fab) (width 0.1))
    (fp_line (start -1.27 0) (end 0 1.27) (layer B.Fab) (width 0.1))
    (fp_line (start -1.33 -19.11) (end 3.87 -19.11) (layer B.SilkS) (width 0.12))
    (fp_line (start -1.33 -1.27) (end -1.33 -19.11) (layer B.SilkS) (width 0.12))
    (fp_line (start 3.87 1.33) (end 3.87 -19.11) (layer B.SilkS) (width 0.12))
    (fp_line (start -1.33 -1.27) (end 1.27 -1.27) (layer B.SilkS) (width 0.12))
    (fp_line (start 1.27 -1.27) (end 1.27 1.33) (layer B.SilkS) (width 0.12))
    (fp_line (start 1.27 1.33) (end 3.87 1.33) (layer B.SilkS) (width 0.12))
    (fp_line (start -1.33 0) (end -1.33 1.33) (layer B.SilkS) (width 0.12))
    (fp_line (start -1.33 1.33) (end 0 1.33) (layer B.SilkS) (width 0.12))
    (fp_line (start -1.8 1.8) (end -1.8 -19.55) (layer B.CrtYd) (width 0.05))
    (fp_line (start -1.8 -19.55) (end 4.35 -19.55) (layer B.CrtYd) (width 0.05))
    (fp_line (start 4.35 -19.55) (end 4.35 1.8) (layer B.CrtYd) (width 0.05))
    (fp_line (start 4.35 1.8) (end -1.8 1.8) (layer B.CrtYd) (width 0.05))
    (fp_text user %R (at 1.27 -8.89) (layer B.Fab)
      (effects (font (size 1 1) (thickness 0.15)) (justify mirror))
    )
    (pad 1 thru_hole rect (at 0 0 90) (size 1.7 1.7) (drill 1) (layers *.Cu *.Mask)
      (net 1 GND))
    (pad 2 thru_hole oval (at 2.54 0 90) (size 1.7 1.7) (drill 1) (layers *.Cu *.Mask)
      (net 1 GND))
    (pad 3 thru_hole oval (at 0 -2.54 90) (size 1.7 1.7) (drill 1) (layers *.Cu *.Mask)
      (net 1 GND))
    (pad 4 thru_hole oval (at 2.54 -2.54 90) (size 1.7 1.7) (drill 1) (layers *.Cu *.Mask)
      (net 28 /V_USB))
    (pad 5 thru_hole oval (at 0 -5.08 90) (size 1.7 1.7) (drill 1) (layers *.Cu *.Mask)
      (net 25 /V_BAT))
    (pad 6 thru_hole oval (at 2.54 -5.08 90) (size 1.7 1.7) (drill 1) (layers *.Cu *.Mask)
      (net 31 /TXD))
    (pad 7 thru_hole oval (at 0 -7.62 90) (size 1.7 1.7) (drill 1) (layers *.Cu *.Mask)
      (net 26 /3V3))
    (pad 8 thru_hole oval (at 2.54 -7.62 90) (size 1.7 1.7) (drill 1) (layers *.Cu *.Mask)
      (net 32 /RXD))
    (pad 9 thru_hole oval (at 0 -10.16 90) (size 1.7 1.7) (drill 1) (layers *.Cu *.Mask)
      (net 39 /ZERO_DETECT))
    (pad 10 thru_hole oval (at 2.54 -10.16 90) (size 1.7 1.7) (drill 1) (layers *.Cu *.Mask)
      (net 54 /RELAY_4))
    (pad 11 thru_hole oval (at 0 -12.7 90) (size 1.7 1.7) (drill 1) (layers *.Cu *.Mask)
      (net 35 /I2S_WS))
    (pad 12 thru_hole oval (at 2.54 -12.7 90) (size 1.7 1.7) (drill 1) (layers *.Cu *.Mask)
      (net 55 /RELAY_3))
    (pad 13 thru_hole oval (at 0 -15.24 90) (size 1.7 1.7) (drill 1) (layers *.Cu *.Mask)
      (net 36 /I2S_BCLK))
    (pad 14 thru_hole oval (at 2.54 -15.24 90) (size 1.7 1.7) (drill 1) (layers *.Cu *.Mask)
      (net 53 /RELAY_2))
    (pad 15 thru_hole oval (at 0 -17.78 90) (size 1.7 1.7) (drill 1) (layers *.Cu *.Mask)
      (net 38 /PROG))
    (pad 16 thru_hole oval (at 2.54 -17.78 90) (size 1.7 1.7) (drill 1) (layers *.Cu *.Mask)
      (net 56 /RELAY_1))
    (model ${KISYS3DMOD}/Connector_PinHeader_2.54mm.3dshapes/PinHeader_2x08_P2.54mm_Vertical.wrl
      (at (xyz 0 0 0))
      (scale (xyz 1 1 1))
      (rotate (xyz 0 0 0))
    )
  )

  (module Resistor_SMD:R_0603_1608Metric_Pad1.05x0.95mm_HandSolder (layer B.Cu) (tedit 5B301BBD) (tstamp 5BA7BB22)
    (at 154.2796 71.3232 180)
    (descr "Resistor SMD 0603 (1608 Metric), square (rectangular) end terminal, IPC_7351 nominal with elongated pad for handsoldering. (Body size source: http://www.tortai-tech.com/upload/download/2011102023233369053.pdf), generated with kicad-footprint-generator")
    (tags "resistor handsolder")
    (path /590982C4/59BA28E7)
    (attr smd)
    (fp_text reference R4 (at 2.7432 -0.0508) (layer B.SilkS)
      (effects (font (size 1 1) (thickness 0.15)) (justify mirror))
    )
    (fp_text value R_1k (at 0 -1.43 180) (layer B.Fab)
      (effects (font (size 1 1) (thickness 0.15)) (justify mirror))
    )
    (fp_text user %R (at 0 0 180) (layer B.Fab)
      (effects (font (size 0.4 0.4) (thickness 0.06)) (justify mirror))
    )
    (fp_line (start 1.65 -0.73) (end -1.65 -0.73) (layer B.CrtYd) (width 0.05))
    (fp_line (start 1.65 0.73) (end 1.65 -0.73) (layer B.CrtYd) (width 0.05))
    (fp_line (start -1.65 0.73) (end 1.65 0.73) (layer B.CrtYd) (width 0.05))
    (fp_line (start -1.65 -0.73) (end -1.65 0.73) (layer B.CrtYd) (width 0.05))
    (fp_line (start -0.171267 -0.51) (end 0.171267 -0.51) (layer B.SilkS) (width 0.12))
    (fp_line (start -0.171267 0.51) (end 0.171267 0.51) (layer B.SilkS) (width 0.12))
    (fp_line (start 0.8 -0.4) (end -0.8 -0.4) (layer B.Fab) (width 0.1))
    (fp_line (start 0.8 0.4) (end 0.8 -0.4) (layer B.Fab) (width 0.1))
    (fp_line (start -0.8 0.4) (end 0.8 0.4) (layer B.Fab) (width 0.1))
    (fp_line (start -0.8 -0.4) (end -0.8 0.4) (layer B.Fab) (width 0.1))
    (pad 2 smd roundrect (at 0.875 0 180) (size 1.05 0.95) (layers B.Cu B.Paste B.Mask) (roundrect_rratio 0.25)
      (net 41 /IR_TX))
    (pad 1 smd roundrect (at -0.875 0 180) (size 1.05 0.95) (layers B.Cu B.Paste B.Mask) (roundrect_rratio 0.25)
      (net 7 "Net-(Q1-Pad1)"))
    (model ${KISYS3DMOD}/Resistor_SMD.3dshapes/R_0603_1608Metric.wrl
      (at (xyz 0 0 0))
      (scale (xyz 1 1 1))
      (rotate (xyz 0 0 0))
    )
  )

  (module open-automation:TSOP75338TR (layer F.Cu) (tedit 5A175C53) (tstamp 5B764C1E)
    (at 158.1862 58.364)
    (path /590982C4/5A1853BB)
    (fp_text reference U2 (at 2.4688 -2.5602) (layer F.SilkS)
      (effects (font (size 1 1) (thickness 0.15)))
    )
    (fp_text value IR-RX-TSOP34438 (at -0.05 -2.57) (layer F.Fab)
      (effects (font (size 1 1) (thickness 0.15)))
    )
    (fp_line (start -3.4 1.19) (end -3.4 -1.81) (layer F.SilkS) (width 0.15))
    (fp_line (start -3.4 -1.81) (end 3.4 -1.81) (layer F.SilkS) (width 0.15))
    (fp_line (start 3.4 -1.81) (end 3.4 1.19) (layer F.SilkS) (width 0.15))
    (fp_line (start 3.4 1.19) (end -3.4 1.19) (layer F.SilkS) (width 0.15))
    (pad Vs smd rect (at -0.63 0.31) (size 0.8 1.8) (layers F.Cu F.Paste F.Mask)
      (net 26 /3V3))
    (pad GND smd rect (at -1.9 0.31) (size 0.8 1.8) (layers F.Cu F.Paste F.Mask)
      (net 1 GND))
    (pad OUT smd rect (at 0.64 0.31) (size 0.8 1.8) (layers F.Cu F.Paste F.Mask)
      (net 22 "Net-(R3-Pad2)"))
    (pad GND smd rect (at 1.91 0.31) (size 0.8 1.8) (layers F.Cu F.Paste F.Mask)
      (net 1 GND))
  )

  (module Resistor_SMD:R_0603_1608Metric_Pad1.05x0.95mm_HandSolder (layer B.Cu) (tedit 5B301BBD) (tstamp 5B764AED)
    (at 134.21 81.44)
    (descr "Resistor SMD 0603 (1608 Metric), square (rectangular) end terminal, IPC_7351 nominal with elongated pad for handsoldering. (Body size source: http://www.tortai-tech.com/upload/download/2011102023233369053.pdf), generated with kicad-footprint-generator")
    (tags "resistor handsolder")
    (path /59096487/5B321D4E)
    (attr smd)
    (fp_text reference R7 (at 0 1.43) (layer B.SilkS)
      (effects (font (size 1 1) (thickness 0.15)) (justify mirror))
    )
    (fp_text value R_47.5 (at 0 -1.43) (layer B.Fab)
      (effects (font (size 1 1) (thickness 0.15)) (justify mirror))
    )
    (fp_line (start -0.8 -0.4) (end -0.8 0.4) (layer B.Fab) (width 0.1))
    (fp_line (start -0.8 0.4) (end 0.8 0.4) (layer B.Fab) (width 0.1))
    (fp_line (start 0.8 0.4) (end 0.8 -0.4) (layer B.Fab) (width 0.1))
    (fp_line (start 0.8 -0.4) (end -0.8 -0.4) (layer B.Fab) (width 0.1))
    (fp_line (start -0.171267 0.51) (end 0.171267 0.51) (layer B.SilkS) (width 0.12))
    (fp_line (start -0.171267 -0.51) (end 0.171267 -0.51) (layer B.SilkS) (width 0.12))
    (fp_line (start -1.65 -0.73) (end -1.65 0.73) (layer B.CrtYd) (width 0.05))
